ff
01
04
00
42
00
10
90
27
00
10
90
27
31
10
e1
ff
a3
8c
ff
c3
e7
e4
58
a3
14
ff
b4
ff
2e
00
00
20
1e
2a
00
03
80
19
87
7f
03
0a
0a
72
31
00
31
00
00
00
00
00
c8
e8
20
c3
fa
dd
e5
fe
9e
9e
e8
d2
dd
f4
e0
f0
80
8f
00
00
00
a0
00
d1
dc
bf
00
00
00
00
00
08
08
06
00
ff
89
00
7b
00
00
00
01
1b
02
00
00
00
00
00
00
01
04
00
00
00
00
00
00
ff
12
ff
ff
ff
ff
ff
ff
ff
ff
ff
ff
ff
ff
ff
ff
00
00
00
f2
00
00
00
00
00
00
00
00
00
00
00
00
00
00
00
00
00
00
00
00
00
00
00
00
00
00
00
00
00
00
00
00
00
00
00
00
00
00
00
00
00
00
00
00
00
00
00
00
00
00
00
00
00
00
00
00
00
00
00
00
00
00
00
00
00
00
00
00
00
00
00
00
00
00
00
00
00
00
00
00
00
00
00
00
00
00
00
00
00
00
00
00
1b
02
00
00
00
00
00
00
01
04
00
00
00
00
00
00
53
30
34
ff
ff
ff
18
00
ff
11
08
2e
1e
67
75
ff
