ff
03
04
00
42
00
18
b0
27
00
18
80
27
ed
0f
b9
ff
a3
8c
48
bb
e7
e4
58
a3
14
ff
b4
ff
2e
00
00
20
1e
2a
00
03
80
19
87
7f
03
0a
0a
59
3b
00
3b
00
00
00
00
00
c8
e8
9e
c3
fa
dd
e5
fe
9e
9e
e8
d2
dd
f4
e0
f0
80
8f
00
00
00
a0
03
d1
dc
bf
00
00
00
00
00
08
08
06
00
ff
89
00
7b
00
00
00
00
73
1d
05
00
24
00
00
00
00
02
00
00
00
00
00
00
ff
a1
12
22
ff
ff
ff
ff
ff
ff
ff
ff
ff
ff
ff
ff
00
00
00
f2
00
00
00
00
00
00
00
00
00
00
00
00
00
00
00
00
00
00
00
00
00
00
00
00
00
00
00
00
00
00
00
00
00
00
00
00
00
00
00
00
00
00
00
00
00
00
00
00
00
00
00
00
00
00
00
00
00
00
00
00
00
00
00
00
00
00
00
00
00
00
00
00
00
00
00
00
00
00
00
00
00
00
00
00
00
00
00
00
00
00
00
00
4e
21
05
00
24
00
00
00
00
04
00
00
00
00
00
00
53
30
34
ff
ff
ff
18
00
ff
11
08
20
1f
2a
8c
ff
