ff
01
04
00
42
00
10
b0
27
00
10
90
27
1b
10
c9
ff
a3
8c
81
c5
e7
e4
58
a1
06
ff
4c
ff
8a
00
00
20
1e
2a
00
03
80
19
87
7e
03
3c
0a
54
33
da
6a
00
00
00
00
00
c8
c5
20
c3
e1
20
e5
f5
e8
e8
f5
e8
e8
f4
e0
f0
80
8f
00
00
00
80
00
8e
dc
bf
00
00
00
00
00
08
08
06
00
ff
89
00
75
00
00
00
00
45
00
00
00
00
00
00
00
00
04
00
00
00
00
00
00
ff
12
ff
ff
ff
ff
ff
ff
ff
ff
ff
ff
ff
ff
ff
ff
00
00
00
f2
00
00
00
00
00
00
00
00
00
00
00
00
00
00
00
00
00
00
00
00
00
00
00
00
00
00
00
00
00
00
00
00
00
00
00
00
00
00
00
00
00
00
00
00
00
00
00
00
00
00
00
00
00
00
00
00
00
00
00
00
00
00
00
00
00
00
00
00
00
00
00
00
00
00
00
00
00
00
00
00
00
00
00
00
00
00
00
00
00
00
00
00
45
00
00
00
00
00
00
00
00
04
00
00
00
00
00
00
53
30
32
ff
ff
ff
18
00
ff
11
08
24
15
be
25
ff
