FF
01
00
00
42
00
10
A0
27
00
10
D0
27
14
10
8A
FF
A3
8C
60
C6
E7
F5
70
22
46
FF
E6
FF
1D
00
00
22
13
2A
02
03
80
19
87
7E
03
4B
0A
C0
7F
DA
6A
00
00
2D
00
00
96
E8
DD
DD
DD
D2
DD
F5
E8
E8
F5
E8
E8
F4
E0
F0
80
E8
00
00
00
80
00
8E
DC
05
40
00
00
00
00
08
08
06
00
FF
89
00
5F
00
00
00
00
45
00
00
00
00
00
00
00
00
04
00
00
00
00
00
00
FF
12
FF
FF
FF
FF
FF
FF
FF
FF
FF
FF
FF
FF
FF
FF
00
00
00
F2
00
00
00
00
00
00
00
00
00
00
00
00
00
00
00
00
00
00
00
00
00
00
00
00
00
00
00
00
00
00
00
00
00
00
00
00
00
00
00
00
00
00
00
00
00
00
00
00
00
00
00
00
00
00
00
00
00
00
00
00
00
00
00
00
00
00
00
00
00
00
00
00
00
00
00
00
00
00
00
00
00
00
00
00
00
00
00
00
00
00
00
00
45
00
00
00
00
00
00
00
00
04
00
00
00
00
00
00
53
30
32
FF
FF
FF
18
00
FF
11
08
2F
14
AC
2C
FF
