FF
01
04
00
42
00
10
80
27
00
10
60
27
33
10
E8
FF
A3
8C
CB
C4
E7
E4
78
22
46
FF
E6
FF
1D
00
00
22
13
2A
02
03
80
19
87
7E
03
4B
4B
99
73
FF
7F
00
00
2D
00
00
96
E8
DD
DD
DD
D2
DD
E8
DD
DD
DD
D2
DD
F4
E0
F0
80
E8
00
00
00
80
00
8E
DC
BF
40
00
00
00
00
08
08
06
00
FF
89
00
6A
00
00
00
00
45
00
00
00
00
00
00
00
00
04
00
00
00
00
00
00
FF
12
FF
FF
FF
FF
FF
FF
FF
FF
FF
FF
FF
FF
FF
FF
00
00
00
F2
00
00
00
00
00
00
00
00
00
00
00
00
00
00
00
00
00
00
00
00
00
00
00
00
00
00
00
00
00
00
00
00
00
00
00
00
00
00
00
00
00
00
00
00
00
00
00
00
00
00
00
00
00
00
00
00
00
00
00
00
00
00
00
00
00
00
00
00
00
00
00
00
00
00
00
00
00
00
00
00
00
00
00
00
00
00
00
00
00
00
00
00
45
00
00
00
00
00
00
00
00
04
00
00
00
00
00
00
53
30
32
FF
FF
FF
18
00
FF
11
08
27
15
BE
04
FF
