FF
01
00
00
42
00
10
00
28
00
10
00
28
41
10
9A
FF
A3
8C
1E
C0
E7
E4
58
A3
14
FF
A0
FF
28
00
00
20
10
2A
00
03
80
19
87
7E
03
0A
0A
B0
92
00
1A
00
00
2D
00
00
63
E1
9E
DD
E8
D2
DD
FE
9E
9E
E8
D2
DD
F4
E0
F0
80
9A
00
00
00
80
00
8E
DC
BF
00
00
00
00
02
08
08
06
00
FF
B9
00
75
00
00
00
00
47
00
00
00
00
00
00
00
00
04
00
00
00
00
00
00
FF
12
FF
FF
FF
FF
FF
FF
FF
FF
FF
FF
FF
FF
FF
FF
00
00
00
F2
00
00
00
00
00
00
00
00
00
00
00
00
00
00
00
00
00
00
00
00
00
00
00
00
00
00
00
00
00
00
00
00
00
00
00
00
00
00
00
00
00
00
00
00
00
00
00
00
00
00
00
00
00
00
00
00
00
00
00
00
00
00
00
00
00
00
00
00
00
00
00
00
00
00
00
00
00
00
00
00
00
00
00
00
00
00
00
00
00
00
00
00
47
00
00
00
00
00
00
00
00
04
00
00
00
00
00
00
53
30
32
FF
FF
FF
18
00
FF
11
08
2B
15
BE
19
FF
