ff
01
00
00
42
00
10
a0
27
00
10
80
27
52
10
a0
ff
a3
8c
8a
bd
e7
e4
58
a3
14
ff
a0
ff
28
00
00
20
10
2a
00
03
80
19
87
7e
03
0a
0a
b0
92
00
92
00
00
2d
00
00
63
e1
9e
dd
e8
d2
dd
fe
9e
9e
e8
d2
dd
f4
e0
f0
80
9a
00
00
00
80
00
8e
dc
bf
00
00
00
00
02
08
08
06
00
ff
b9
00
75
00
00
00
00
45
00
00
00
00
00
00
00
00
04
00
00
00
00
00
00
ff
12
ff
ff
ff
ff
ff
ff
ff
ff
ff
ff
ff
ff
ff
ff
00
00
00
f2
00
00
00
00
00
00
00
00
00
00
00
00
00
00
00
00
00
00
00
00
00
00
00
00
00
00
00
00
00
00
00
00
00
00
00
00
00
00
00
00
00
00
00
00
00
00
00
00
00
00
00
00
00
00
00
00
00
00
00
00
00
00
00
00
00
00
00
00
00
00
00
00
00
00
00
00
00
00
00
00
00
00
00
00
00
00
00
00
00
00
00
00
45
00
00
00
00
00
00
00
00
04
00
00
00
00
00
00
53
30
32
ff
ff
ff
18
00
ff
11
08
26
17
11
b9
ff
