ff
01
04
00
42
00
18
a0
27
00
18
b0
27
cc
0f
0f
00
a3
8c
23
bd
e7
e4
58
a3
14
ff
b4
ff
2e
00
04
20
14
1c
00
03
80
19
87
7f
03
0a
0a
72
31
00
31
00
00
00
00
00
c8
e8
20
c3
fa
dd
e5
fe
9e
9e
e8
d2
dd
f4
e0
f0
80
8f
00
00
00
a0
00
d1
dc
bf
00
00
00
00
00
08
08
06
00
ff
b9
00
7b
00
00
00
01
1a
02
00
00
00
00
00
00
00
04
00
00
00
00
00
00
ff
12
ff
ff
ff
ff
ff
ff
ff
ff
ff
ff
ff
ff
ff
ff
00
00
00
f2
00
00
00
00
00
00
00
00
00
00
00
00
00
00
00
00
00
00
00
00
00
00
00
00
00
00
00
00
00
00
00
00
00
00
00
00
00
00
00
00
00
00
00
00
00
00
00
00
00
00
00
00
00
00
00
00
00
00
00
00
00
00
00
00
00
00
00
00
00
00
00
00
00
00
00
00
00
00
00
00
00
00
00
00
00
00
00
00
00
00
00
00
1a
02
00
00
00
00
00
00
00
04
00
00
00
00
00
00
53
30
34
ff
ff
ff
18
00
ff
11
08
44
00
2e
05
ff
