ff
01
04
00
42
00
10
50
27
00
10
40
27
3d
10
00
00
a3
8c
a7
bb
e7
e4
58
a3
14
ff
d2
ff
2e
00
00
20
10
2a
00
03
80
19
87
7f
03
04
0a
88
4f
00
4f
00
00
2d
00
00
63
e1
9e
dd
fa
d2
dd
fe
9e
9e
e8
d2
dd
f4
e0
f0
80
9a
00
00
00
80
00
8e
dc
bf
00
00
00
00
02
08
08
06
00
ff
b9
00
7b
00
00
00
ff
1a
02
00
00
00
00
00
00
00
04
00
00
00
00
00
00
ff
12
ff
ff
ff
ff
ff
ff
ff
ff
ff
ff
ff
ff
ff
ff
00
00
00
f2
00
00
00
00
00
00
00
00
00
00
00
00
00
00
00
00
00
00
00
00
00
00
00
00
00
00
00
00
00
00
00
00
00
00
00
00
00
00
00
00
00
00
00
00
00
00
00
00
00
00
00
00
00
00
00
00
00
00
00
00
00
00
00
00
00
00
00
00
00
00
00
00
00
00
00
00
00
00
00
00
00
00
00
00
00
00
00
00
00
00
00
00
1a
02
00
00
00
00
00
00
00
04
00
00
00
00
00
00
53
30
34
ff
ff
ff
18
00
ff
11
08
2e
1e
4f
80
ff
