ff
02
04
00
42
00
10
b0
27
00
10
90
27
f6
0f
cc
ff
a3
8c
8e
c3
e7
e4
58
a3
14
ff
b4
ff
2e
00
00
20
1e
2a
00
03
80
19
87
7e
03
0a
0a
72
31
00
31
00
00
00
00
00
c8
e8
20
c3
fa
dd
e5
fe
9e
9e
e8
d2
dd
f4
e0
f0
80
8f
00
00
00
a0
00
d2
dc
bf
00
00
00
00
00
08
08
06
00
ff
89
00
79
00
00
00
ff
81
06
00
00
00
00
00
00
04
04
00
00
00
00
00
00
ff
12
53
ff
ff
ff
ff
ff
ff
ff
ff
ff
ff
ff
ff
ff
00
00
00
f2
00
00
00
00
00
00
00
00
00
00
00
00
00
00
00
00
00
00
00
00
00
00
00
00
00
00
00
00
00
00
00
00
00
00
00
00
00
00
00
00
00
00
00
00
00
00
00
00
00
00
00
00
00
00
00
00
00
00
00
00
00
00
00
00
00
00
00
00
00
00
00
00
00
00
00
00
00
00
00
00
00
00
00
00
00
00
00
00
00
00
00
00
0e
07
00
00
00
00
00
00
04
04
00
00
00
00
00
00
53
30
34
ff
ff
ff
18
00
ff
11
08
2a
1e
80
f0
ff
