ff
39
00
00
42
00
10
60
27
00
10
80
27
11
10
a7
ff
a3
8c
65
c2
e7
e4
58
a3
14
ff
b4
ff
2e
00
00
20
1e
2a
00
03
80
19
87
7f
03
0a
0a
72
31
00
31
00
00
00
00
00
c8
e8
20
c3
fa
dd
e5
fe
9e
9e
e8
d2
dd
f4
e0
f0
80
8f
00
00
00
a0
03
d1
dc
bf
00
00
00
00
00
08
08
06
00
ff
b9
00
7b
00
00
00
ff
fc
62
ce
11
ff
2b
2a
00
ff
04
00
00
00
00
00
00
53
23
53
23
53
23
53
12
22
12
53
22
53
23
53
22
00
00
00
f2
00
00
00
00
00
00
00
00
00
00
00
00
00
00
00
00
00
00
00
00
00
00
00
00
00
00
00
00
00
00
00
00
00
00
00
00
00
00
00
00
00
00
00
00
00
00
00
00
00
00
00
00
00
00
00
00
00
00
00
00
00
00
00
00
00
00
00
00
00
00
00
00
00
00
00
00
00
00
00
00
00
00
00
00
00
00
00
00
00
00
00
00
fc
62
ce
11
ff
2b
2a
00
ff
04
00
00
00
00
00
00
53
30
34
ff
ff
ff
18
00
ff
11
08
29
18
27
9e
ff
