ff
02
00
00
42
00
10
40
27
00
10
30
27
0b
10
ff
ff
a3
8c
36
c5
e7
e4
58
a3
06
ff
4c
ff
8a
00
00
20
1e
2a
00
03
80
19
87
7e
03
0a
0a
72
4a
00
4a
00
00
00
00
00
c8
e8
d1
c3
ef
dd
e4
fe
9e
9e
e8
d2
dd
f4
e0
f0
80
8f
00
00
00
80
00
d1
dc
bf
00
00
00
00
00
08
08
06
00
ff
89
00
75
00
00
00
01
e0
04
00
00
00
00
00
00
03
04
00
00
00
00
00
00
ff
12
53
ff
ff
ff
ff
ff
ff
ff
ff
ff
ff
ff
ff
ff
00
00
00
f2
00
00
00
00
00
00
00
00
00
00
00
00
00
00
00
00
00
00
00
00
00
00
00
00
00
00
00
00
00
00
00
00
00
00
00
00
00
00
00
00
00
00
00
00
00
00
00
00
00
00
00
00
00
00
00
00
00
00
00
00
00
00
00
00
00
00
00
00
00
00
00
00
00
00
00
00
00
00
00
00
00
00
00
00
00
00
00
00
00
00
00
00
ca
04
00
00
00
00
00
00
02
04
00
00
00
00
00
00
53
30
34
ff
ff
ff
18
00
ff
11
08
24
1e
75
6d
ff
