ff
01
04
00
42
00
10
50
27
00
10
60
27
ff
0f
93
ff
a3
8c
0a
c7
e7
e4
58
a3
06
ff
4c
ff
8a
00
00
a0
10
2a
00
03
80
19
87
7e
03
0a
0a
cf
ab
da
6a
00
00
2d
00
00
63
e1
9e
dd
e8
d2
dd
f5
e8
e8
f5
e8
e8
f4
e0
f0
80
9a
00
00
00
80
00
8e
d4
bf
00
00
00
00
02
08
08
06
00
ff
89
00
75
00
00
00
01
45
00
00
00
00
00
00
00
00
04
00
00
00
00
00
00
ff
12
ff
ff
ff
ff
ff
ff
ff
ff
ff
ff
ff
ff
ff
ff
00
00
00
f2
00
00
00
00
00
00
00
00
00
00
00
00
00
00
00
00
00
00
00
00
00
00
00
00
00
00
00
00
00
00
00
00
00
00
00
00
00
00
00
00
00
00
00
00
00
00
00
00
00
00
00
00
00
00
00
00
00
00
00
00
00
00
00
00
00
00
00
00
00
00
00
00
00
00
00
00
00
00
00
00
00
00
00
00
00
00
00
00
00
00
00
00
45
00
00
00
00
00
00
00
00
04
00
00
00
00
00
00
53
30
32
ff
ff
ff
18
00
ff
11
08
26
18
31
1e
ff
