FF
01
00
00
42
00
10
A0
27
00
10
80
27
43
10
89
FF
A3
8C
E6
C1
E7
E4
58
A3
06
FF
4C
FF
8A
00
00
20
1E
2A
00
03
80
19
87
7E
03
0A
0A
FF
BF
DA
6A
00
00
00
00
00
C8
C5
20
C3
E1
20
E5
F5
E8
E8
F5
E8
E8
F4
E0
F0
80
8F
00
00
00
80
00
8E
DC
BF
00
00
00
00
00
08
08
06
00
FF
89
00
75
00
00
00
00
46
00
00
00
00
00
00
00
00
04
00
00
00
00
00
00
FF
12
FF
FF
FF
FF
FF
FF
FF
FF
FF
FF
FF
FF
FF
FF
00
00
00
F2
00
00
00
00
00
00
00
00
00
00
00
00
00
00
00
00
00
00
00
00
00
00
00
00
00
00
00
00
00
00
00
00
00
00
00
00
00
00
00
00
00
00
00
00
00
00
00
00
00
00
00
00
00
00
00
00
00
00
00
00
00
00
00
00
00
00
00
00
00
00
00
00
00
00
00
00
00
00
00
00
00
00
00
00
00
00
00
00
00
00
00
00
46
00
00
00
00
00
00
00
00
04
00
00
00
00
00
00
53
30
32
FF
FF
FF
18
00
FF
11
08
2A
15
C7
07
FF
