ff
01
04
00
42
00
10
70
27
00
10
40
27
71
10
11
fc
a3
8c
d9
c4
e7
e4
50
22
14
ff
a0
ff
28
00
00
22
32
54
00
03
80
19
84
75
03
4b
0a
9f
7d
da
6a
00
00
00
00
00
64
f0
e2
bc
f4
ee
dd
f5
e8
e8
f5
e8
e8
f4
e0
f0
80
fe
00
00
00
80
00
8e
dc
bf
40
00
00
00
00
08
08
06
00
ff
89
00
5f
00
00
00
01
00
00
00
00
00
00
00
00
00
04
00
00
00
00
00
00
ff
12
ff
ff
ff
ff
ff
ff
ff
ff
ff
ff
ff
ff
ff
ff
00
00
00
f2
00
00
00
00
00
00
00
00
00
00
00
00
00
00
00
00
00
00
00
00
00
00
00
00
00
00
00
00
00
00
00
00
00
00
00
00
00
00
00
00
00
00
00
00
00
00
00
00
00
00
00
00
00
00
00
00
00
00
00
00
00
00
00
00
00
00
00
00
00
00
00
00
00
00
00
00
00
00
00
00
00
00
00
00
00
00
00
00
00
00
00
00
00
00
00
00
00
00
00
00
00
04
00
00
00
00
00
00
53
30
32
ff
ff
ff
18
00
ff
11
08
27
2a
46
87
ff
