ff
01
00
00
42
00
10
50
27
00
10
70
27
db
10
c1
f8
a3
8c
cd
c3
e7
e4
58
a3
14
ff
a0
ff
2e
00
00
20
10
2a
00
03
80
19
87
7f
03
0a
0a
b0
92
00
92
00
00
2d
00
00
63
e1
9e
dd
e8
d2
dd
fe
9e
9e
e8
d2
dd
f4
e0
f0
80
9a
00
00
00
80
00
8e
dc
bf
00
00
00
00
02
08
08
06
00
ff
89
00
7b
00
00
00
01
00
00
00
00
00
00
00
00
00
04
00
00
00
00
00
00
ff
12
ff
ff
ff
ff
ff
ff
ff
ff
ff
ff
ff
ff
ff
ff
00
00
00
f2
00
00
00
00
00
00
00
00
00
00
00
00
00
00
00
00
00
00
00
00
00
00
00
00
00
00
00
00
00
00
00
00
00
00
00
00
00
00
00
00
00
00
00
00
00
00
00
00
00
00
00
00
00
00
00
00
00
00
00
00
00
00
00
00
00
00
00
00
00
00
00
00
00
00
00
00
00
00
00
00
00
00
00
00
00
00
00
00
00
00
00
00
00
00
00
00
00
00
00
00
00
04
00
00
00
00
00
00
53
30
32
ff
ff
ff
18
00
ff
11
08
23
1d
e6
eb
ff
