FF
01
00
00
42
00
10
70
27
00
10
90
27
12
10
A1
FF
A3
8C
34
C7
E7
F5
50
A3
14
FF
A0
FF
28
00
00
20
10
43
00
03
80
19
87
7E
03
0A
0A
9A
5F
DA
6A
00
00
2D
00
00
63
E1
9E
DD
E8
D2
DD
F5
E8
E8
F5
E8
E8
F4
E0
F0
80
9A
00
00
00
80
00
8E
DC
05
00
00
00
00
02
08
08
06
00
FF
89
00
75
00
00
00
00
45
00
00
00
00
00
00
00
00
04
00
00
00
00
00
00
FF
12
FF
FF
FF
FF
FF
FF
FF
FF
FF
FF
FF
FF
FF
FF
00
00
00
F2
00
00
00
00
00
00
00
00
00
00
00
00
00
00
00
00
00
00
00
00
00
00
00
00
00
00
00
00
00
00
00
00
00
00
00
00
00
00
00
00
00
00
00
00
00
00
00
00
00
00
00
00
00
00
00
00
00
00
00
00
00
00
00
00
00
00
00
00
00
00
00
00
00
00
00
00
00
00
00
00
00
00
00
00
00
00
00
00
00
00
00
00
45
00
00
00
00
00
00
00
00
04
00
00
00
00
00
00
53
30
32
FF
FF
FF
18
00
FF
11
08
2E
14
6E
01
FF
