FF
01
00
00
42
00
10
80
27
00
10
70
27
26
10
EA
FF
A3
8C
42
C5
E7
E4
58
22
06
FF
4C
FF
82
00
00
22
1E
2A
00
03
80
19
87
7E
03
46
0A
FF
92
DA
6A
00
00
14
00
00
64
E1
D2
D4
E1
DD
E7
F5
E8
E8
F5
E8
E8
F4
E0
F0
80
EF
00
00
00
80
00
EF
DC
BF
40
00
00
00
00
08
08
06
00
FF
89
00
5F
00
00
00
00
46
00
00
00
00
00
00
00
00
04
00
00
00
00
00
00
FF
12
FF
FF
FF
FF
FF
FF
FF
FF
FF
FF
FF
FF
FF
FF
00
00
00
F2
00
00
00
00
00
00
00
00
00
00
00
00
00
00
00
00
00
00
00
00
00
00
00
00
00
00
00
00
00
00
00
00
00
00
00
00
00
00
00
00
00
00
00
00
00
00
00
00
00
00
00
00
00
00
00
00
00
00
00
00
00
00
00
00
00
00
00
00
00
00
00
00
00
00
00
00
00
00
00
00
00
00
00
00
00
00
00
00
00
00
00
00
46
00
00
00
00
00
00
00
00
04
00
00
00
00
00
00
53
30
32
FF
FF
FF
18
00
FF
11
08
28
15
BE
0B
FF
