ff
01
00
00
42
00
10
70
27
00
10
70
27
0b
10
db
ff
a3
8c
b0
c5
e7
e4
58
a3
14
ff
a0
ff
28
00
00
20
1e
2a
00
03
80
19
87
7e
03
14
0a
c1
7d
00
1a
00
00
00
00
00
78
f0
d2
bc
f4
e9
dd
fe
9e
9e
e8
d2
dd
f4
e0
f0
80
8f
00
00
00
80
00
8e
dc
bf
00
00
00
00
00
08
08
06
00
ff
89
00
75
00
00
00
00
47
00
00
00
00
00
00
00
00
04
00
00
00
00
00
00
ff
12
ff
ff
ff
ff
ff
ff
ff
ff
ff
ff
ff
ff
ff
ff
00
00
00
f2
00
00
00
00
00
00
00
00
00
00
00
00
00
00
00
00
00
00
00
00
00
00
00
00
00
00
00
00
00
00
00
00
00
00
00
00
00
00
00
00
00
00
00
00
00
00
00
00
00
00
00
00
00
00
00
00
00
00
00
00
00
00
00
00
00
00
00
00
00
00
00
00
00
00
00
00
00
00
00
00
00
00
00
00
00
00
00
00
00
00
00
00
47
00
00
00
00
00
00
00
00
04
00
00
00
00
00
00
53
30
32
ff
ff
ff
18
00
ff
11
08
28
15
be
1a
ff
