ff
03
00
00
42
00
20
f0
27
00
20
00
28
79
10
c6
fa
a3
8c
d1
c8
e7
d5
58
22
06
ff
4c
ff
8a
00
00
22
19
3a
00
03
80
19
84
75
03
4b
20
a6
54
da
6a
00
00
00
00
00
c8
f0
d2
bc
f4
e9
dd
f5
e8
e8
f5
e8
e8
f4
e0
f0
80
fe
00
00
00
80
00
8e
dc
bf
40
00
00
00
00
08
08
06
00
ff
89
00
5f
00
00
00
00
3d
5a
00
00
00
00
00
00
03
04
00
00
00
00
00
00
ff
12
a1
12
ff
ff
ff
ff
ff
ff
ff
ff
ff
ff
ff
ff
00
00
00
fe
00
00
00
00
00
00
00
00
00
00
00
00
00
00
00
00
00
00
00
00
00
00
00
00
00
00
00
00
00
00
00
00
00
00
00
00
00
00
00
00
00
00
00
00
00
00
00
00
00
00
00
00
00
00
00
00
00
00
00
00
00
00
00
00
00
00
00
00
00
00
00
00
00
00
00
00
00
00
00
00
00
00
00
00
00
00
00
00
00
00
00
00
3d
5a
00
00
00
00
00
00
03
04
00
00
00
00
00
00
4A
30
34
00
00
00
00
00
00
11
08
20
11
9d
f9
ff
