ff
03
04
00
42
00
10
60
27
00
10
40
27
5d
10
6e
fd
a3
8c
e6
cd
e7
e4
58
22
1e
ff
ff
ff
41
00
00
22
13
2a
00
03
80
19
87
7e
03
4b
4b
dd
71
ff
7f
00
00
2d
00
00
96
e8
d2
d2
e8
d2
d2
e8
dd
dd
dd
d2
dd
f4
e0
f0
80
e8
00
00
00
80
00
8e
dc
bf
40
00
00
00
00
08
08
06
00
ff
89
00
6a
00
00
00
00
72
26
01
00
00
02
00
00
00
04
00
00
00
00
00
00
ff
12
23
12
ff
ff
ff
ff
ff
ff
ff
ff
ff
ff
ff
ff
00
00
00
f2
00
00
00
00
00
00
00
00
00
00
00
00
00
00
00
00
00
00
00
00
00
00
00
00
00
00
00
00
00
00
00
00
00
00
00
00
00
00
00
00
00
00
00
00
00
00
00
00
00
00
00
00
00
00
00
00
00
00
00
00
00
00
00
00
00
00
00
00
00
00
00
00
00
00
00
00
00
00
00
00
00
00
00
00
00
00
00
00
00
00
00
00
72
26
01
00
00
02
00
00
00
04
00
00
00
00
00
00
53
30
32
ff
ff
ff
18
00
ff
11
08
26
1a
f9
d4
ff
