00
0d
04
00
42
00
18
80
27
00
18
80
27
d2
0f
91
ff
a3
8c
21
c2
e7
e4
58
a3
14
ff
d2
ff
2e
00
04
20
14
1c
00
03
80
19
87
7f
03
0a
0a
59
3b
00
3b
00
00
00
00
00
c8
e8
9e
c3
fa
dd
e5
fe
9e
9e
e8
d2
dd
f4
e0
f0
80
8f
00
00
00
a0
00
d1
dc
bf
00
00
00
00
00
08
08
06
00
ff
b9
00
7b
00
00
00
01
03
35
1d
00
64
00
00
00
01
04
00
00
00
00
00
00
ff
12
23
12
23
12
23
12
53
12
42
12
42
12
ff
ff
00
00
00
f2
00
00
00
00
00
00
00
00
00
00
00
00
00
00
00
00
00
00
00
00
00
00
00
00
00
00
00
00
00
00
00
00
00
00
00
00
00
00
00
00
00
00
00
00
00
00
00
00
00
00
00
00
00
00
00
00
00
00
00
00
00
00
00
00
00
00
00
00
00
00
00
00
00
00
00
00
00
00
00
00
00
00
00
00
00
00
00
00
00
00
00
00
03
35
1d
00
64
00
00
00
01
04
00
00
00
00
00
00
53
30
34
ff
ff
ff
18
00
ff
11
08
44
00
6a
5a
ff
