ff
01
00
00
42
00
10
90
27
00
10
90
27
31
10
e1
ff
a3
8c
ff
c3
e7
e4
78
22
46
ff
e6
ff
1d
00
00
22
13
2a
02
03
80
19
87
7e
03
4b
4b
99
73
ff
7f
00
00
2d
00
00
96
e8
dd
dd
dd
d2
dd
e8
dd
dd
dd
d2
dd
f4
e0
f0
80
e8
00
00
00
80
00
8e
dc
bf
40
00
00
00
00
08
08
06
00
ff
89
00
6a
00
00
00
01
1b
02
00
00
00
00
00
00
01
04
00
00
00
00
00
00
ff
12
ff
ff
ff
ff
ff
ff
ff
ff
ff
ff
ff
ff
ff
ff
00
00
00
f2
00
00
00
00
00
00
00
00
00
00
00
00
00
00
00
00
00
00
00
00
00
00
00
00
00
00
00
00
00
00
00
00
00
00
00
00
00
00
00
00
00
00
00
00
00
00
00
00
00
00
00
00
00
00
00
00
00
00
00
00
00
00
00
00
00
00
00
00
00
00
00
00
00
00
00
00
00
00
00
00
00
00
00
00
00
00
00
00
00
00
00
00
1b
02
00
00
00
00
00
00
01
04
00
00
00
00
00
00
53
30
34
ff
ff
ff
18
00
ff
11
08
2e
1e
67
75
ff
