ff
01
04
00
42
00
10
a0
27
00
10
80
27
46
10
ea
ff
a3
8c
89
bc
e7
e4
58
a3
14
ff
d2
ff
2e
00
00
20
10
2a
00
03
80
19
87
7f
03
0a
0a
b0
4f
00
4f
00
00
2d
00
00
63
e1
9e
dd
fa
d2
dd
fe
9e
9e
e8
d2
dd
f4
e0
f0
80
9a
00
00
00
80
03
8e
dc
bf
00
00
00
00
02
08
08
06
00
ff
b9
00
7b
00
00
00
ff
1b
02
00
00
00
00
00
00
01
04
00
00
00
00
00
00
ff
12
ff
ff
ff
ff
ff
ff
ff
ff
ff
ff
ff
ff
ff
ff
00
00
00
f2
00
00
00
00
00
00
00
00
00
00
00
00
00
00
00
00
00
00
00
00
00
00
00
00
00
00
00
00
00
00
00
00
00
00
00
00
00
00
00
00
00
00
00
00
00
00
00
00
00
00
00
00
00
00
00
00
00
00
00
00
00
00
00
00
00
00
00
00
00
00
00
00
00
00
00
00
00
00
00
00
00
00
00
00
00
00
00
00
00
00
00
00
1b
02
00
00
00
00
00
00
01
04
00
00
00
00
00
00
53
30
34
ff
ff
ff
18
00
ff
11
08
29
1e
57
60
ff
