ff
01
04
00
42
00
10
90
27
00
10
70
27
3d
10
a4
ff
a3
8c
76
ba
e7
e4
58
a3
14
ff
b4
ff
28
00
00
20
1e
2a
00
03
80
19
87
7f
03
14
0a
a8
31
00
31
00
00
00
00
00
78
e8
d2
c3
f4
f7
e5
fe
9e
9e
e8
d2
dd
f4
e0
f0
80
8f
00
00
00
80
00
d1
dc
bf
00
00
00
00
00
08
08
06
00
ff
89
00
7b
00
00
00
ff
95
04
00
00
00
00
00
00
02
04
00
00
00
00
00
00
ff
12
ff
ff
ff
ff
ff
ff
ff
ff
ff
ff
ff
ff
ff
ff
00
00
00
f2
00
00
00
00
00
00
00
00
00
00
00
00
00
00
00
00
00
00
00
00
00
00
00
00
00
00
00
00
00
00
00
00
00
00
00
00
00
00
00
00
00
00
00
00
00
00
00
00
00
00
00
00
00
00
00
00
00
00
00
00
00
00
00
00
00
00
00
00
00
00
00
00
00
00
00
00
00
00
00
00
00
00
00
00
00
00
00
00
00
00
00
00
95
04
00
00
00
00
00
00
02
04
00
00
00
00
00
00
53
30
34
ff
ff
ff
18
00
ff
11
08
27
1e
f0
9c
ff
