ff
01
00
00
42
00
10
30
27
00
10
10
27
0c
10
bb
ff
a3
8c
aa
c1
e7
e4
58
a3
14
ff
d2
ff
2e
00
04
20
10
2a
00
03
80
19
87
7f
03
0a
0a
b0
4f
00
4f
00
00
00
00
00
63
e1
9e
dd
fa
d2
dd
fe
9e
9e
e8
d2
dd
f4
e0
f0
80
9a
00
00
00
80
03
8e
dc
bf
00
00
00
00
02
08
08
06
00
ff
b9
00
7b
00
00
00
ff
19
02
00
00
00
00
00
00
00
04
00
00
00
00
00
00
ff
12
ff
ff
ff
ff
ff
ff
ff
ff
ff
ff
ff
ff
ff
ff
00
00
00
f2
00
00
00
00
00
00
00
00
00
00
00
00
00
00
00
00
00
00
00
00
00
00
00
00
00
00
00
00
00
00
00
00
00
00
00
00
00
00
00
00
00
00
00
00
00
00
00
00
00
00
00
00
00
00
00
00
00
00
00
00
00
00
00
00
00
00
00
00
00
00
00
00
00
00
00
00
00
00
00
00
00
00
00
00
00
00
00
00
00
00
00
00
19
02
00
00
00
00
00
00
00
04
00
00
00
00
00
00
53
30
34
ff
ff
ff
18
00
ff
11
08
27
1f
16
84
ff
