ff
01
04
00
42
00
10
60
27
00
10
30
27
1e
10
cc
ff
a3
8c
36
bd
e7
e4
58
22
14
ff
d2
ff
2e
00
10
22
32
54
00
03
80
19
84
75
03
4b
4b
dc
8f
00
8f
00
00
0d
00
00
64
f0
e2
bc
f4
ee
dd
fe
e2
e2
f4
dd
dd
f4
e0
f0
80
fe
00
00
00
80
02
8e
dc
bf
40
00
00
00
00
08
08
06
00
ff
89
00
5f
00
00
00
01
1d
02
00
00
00
00
00
00
00
04
00
00
00
00
00
00
ff
12
ff
ff
ff
ff
ff
ff
ff
ff
ff
ff
ff
ff
ff
ff
00
00
00
f2
00
00
00
00
00
00
00
00
00
00
00
00
00
00
00
00
00
00
00
00
00
00
00
00
00
00
00
00
00
00
00
00
00
00
00
00
00
00
00
00
00
00
00
00
00
00
00
00
00
00
00
00
00
00
00
00
00
00
00
00
00
00
00
00
00
00
00
00
00
00
00
00
00
00
00
00
00
00
00
00
00
00
00
00
00
00
00
00
00
00
00
00
1d
02
00
00
00
00
00
00
00
04
00
00
00
00
00
00
53
30
34
ff
ff
ff
18
00
ff
11
08
44
00
a6
7b
ff
